# Camera list with one line of data per camera:
#   CAMERA_ID, MODEL, WIDTH, HEIGHT, PARAMS[]
# Number of cameras: 152
1 SIMPLE_RADIAL 1920 1080 1168.94 960 540 -0.0304678
2 SIMPLE_RADIAL 1920 1080 1166.66 960 540 -0.0278013
3 SIMPLE_RADIAL 1920 1080 1167.07 960 540 -0.0268451
4 SIMPLE_RADIAL 1920 1080 1166.98 960 540 -0.0271684
5 SIMPLE_RADIAL 1920 1080 1166.25 960 540 -0.0244175
6 SIMPLE_RADIAL 1920 1080 1167.8 960 540 -0.0294863
7 SIMPLE_RADIAL 1920 1080 1167.06 960 540 -0.0282558
8 SIMPLE_RADIAL 1920 1080 1166.95 960 540 -0.027406
9 SIMPLE_RADIAL 1920 1080 1167.26 960 540 -0.0281488
10 SIMPLE_RADIAL 1920 1080 1166.12 960 540 -0.025928
11 SIMPLE_RADIAL 1920 1080 1163.95 960 540 -0.0227375
12 SIMPLE_RADIAL 1920 1080 1164.63 960 540 -0.0229246
13 SIMPLE_RADIAL 1920 1080 1163.57 960 540 -0.0212128
14 SIMPLE_RADIAL 1920 1080 1165.16 960 540 -0.0257209
15 SIMPLE_RADIAL 1920 1080 1166.11 960 540 -0.028642
16 SIMPLE_RADIAL 1920 1080 1166.01 960 540 -0.028203
17 SIMPLE_RADIAL 1920 1080 1167.27 960 540 -0.0292529
18 SIMPLE_RADIAL 1920 1080 1165.92 960 540 -0.0254616
19 SIMPLE_RADIAL 1920 1080 1166.96 960 540 -0.0249319
20 SIMPLE_RADIAL 1920 1080 1168.23 960 540 -0.0292208
21 SIMPLE_RADIAL 1920 1080 1168.07 960 540 -0.029213
22 SIMPLE_RADIAL 1920 1080 1166.99 960 540 -0.0288304
23 SIMPLE_RADIAL 1920 1080 1166.19 960 540 -0.0291366
24 SIMPLE_RADIAL 1920 1080 1166.85 960 540 -0.0289461
25 SIMPLE_RADIAL 1920 1080 1166.98 960 540 -0.0296786
26 SIMPLE_RADIAL 1920 1080 1164.5 960 540 -0.0289251
27 SIMPLE_RADIAL 1920 1080 1164.72 960 540 -0.0288812
28 SIMPLE_RADIAL 1920 1080 1164.2 960 540 -0.0271736
29 SIMPLE_RADIAL 1920 1080 1165.06 960 540 -0.0265496
30 SIMPLE_RADIAL 1920 1080 1166.4 960 540 -0.0272103
31 SIMPLE_RADIAL 1920 1080 1167.35 960 540 -0.0274396
32 SIMPLE_RADIAL 1920 1080 1166.85 960 540 -0.0261396
33 SIMPLE_RADIAL 1920 1080 1166.16 960 540 -0.0239099
34 SIMPLE_RADIAL 1920 1080 1165.23 960 540 -0.0188292
35 SIMPLE_RADIAL 1920 1080 1164.93 960 540 -0.0202914
36 SIMPLE_RADIAL 1920 1080 1165.86 960 540 -0.0214848
37 SIMPLE_RADIAL 1920 1080 1166.44 960 540 -0.0239724
38 SIMPLE_RADIAL 1920 1080 1165.6 960 540 -0.0211919
39 SIMPLE_RADIAL 1920 1080 1166.85 960 540 -0.0251447
40 SIMPLE_RADIAL 1920 1080 1165.86 960 540 -0.0262418
41 SIMPLE_RADIAL 1920 1080 1165.07 960 540 -0.0252584
42 SIMPLE_RADIAL 1920 1080 1163.39 960 540 -0.0243906
43 SIMPLE_RADIAL 1920 1080 1162.6 960 540 -0.0221493
44 SIMPLE_RADIAL 1920 1080 1162.5 960 540 -0.0231712
45 SIMPLE_RADIAL 1920 1080 1162.54 960 540 -0.0239592
46 SIMPLE_RADIAL 1920 1080 1163.6 960 540 -0.0274618
47 SIMPLE_RADIAL 1920 1080 1163.23 960 540 -0.0289021
48 SIMPLE_RADIAL 1920 1080 1163.11 960 540 -0.029824
49 SIMPLE_RADIAL 1920 1080 1161.36 960 540 -0.0267107
50 SIMPLE_RADIAL 1920 1080 1160.78 960 540 -0.0263483
51 SIMPLE_RADIAL 1920 1080 1160.8 960 540 -0.0283266
52 SIMPLE_RADIAL 1920 1080 1161.43 960 540 -0.0291501
53 SIMPLE_RADIAL 1920 1080 1162.76 960 540 -0.0324972
54 SIMPLE_RADIAL 1920 1080 1162.93 960 540 -0.0328421
55 SIMPLE_RADIAL 1920 1080 1162.93 960 540 -0.0315651
56 SIMPLE_RADIAL 1920 1080 1160.99 960 540 -0.0244646
57 SIMPLE_RADIAL 1920 1080 1161.56 960 540 -0.0242348
58 SIMPLE_RADIAL 1920 1080 1164 960 540 -0.0277067
59 SIMPLE_RADIAL 1920 1080 1164.09 960 540 -0.0279404
60 SIMPLE_RADIAL 1920 1080 1164.68 960 540 -0.0282228
61 SIMPLE_RADIAL 1920 1080 1165.07 960 540 -0.0266721
62 SIMPLE_RADIAL 1920 1080 1165.74 960 540 -0.0267726
63 SIMPLE_RADIAL 1920 1080 1166.55 960 540 -0.0286105
64 SIMPLE_RADIAL 1920 1080 1163.84 960 540 -0.026396
65 SIMPLE_RADIAL 1920 1080 1164.46 960 540 -0.0306292
66 SIMPLE_RADIAL 1920 1080 1163.77 960 540 -0.0272709
67 SIMPLE_RADIAL 1920 1080 1164.96 960 540 -0.0272018
68 SIMPLE_RADIAL 1920 1080 1163.41 960 540 -0.0250278
69 SIMPLE_RADIAL 1920 1080 1162.91 960 540 -0.0202426
70 SIMPLE_RADIAL 1920 1080 1164.24 960 540 -0.0213372
71 SIMPLE_RADIAL 1920 1080 1166.09 960 540 -0.0272247
72 SIMPLE_RADIAL 1920 1080 1166.35 960 540 -0.0292461
73 SIMPLE_RADIAL 1920 1080 1169.78 960 540 -0.0339218
74 SIMPLE_RADIAL 1920 1080 1168.68 960 540 -0.0332857
75 SIMPLE_RADIAL 1920 1080 1166.71 960 540 -0.03023
76 SIMPLE_RADIAL 1920 1080 1165.71 960 540 -0.0257426
77 SIMPLE_RADIAL 1920 1080 1165.37 960 540 -0.0253931
78 SIMPLE_RADIAL 1920 1080 1165.88 960 540 -0.0252987
79 SIMPLE_RADIAL 1920 1080 1166.15 960 540 -0.0285419
80 SIMPLE_RADIAL 1920 1080 1165.08 960 540 -0.0260794
81 SIMPLE_RADIAL 1920 1080 1164.39 960 540 -0.0244816
82 SIMPLE_RADIAL 1920 1080 1162.33 960 540 -0.0221826
83 SIMPLE_RADIAL 1920 1080 1163.66 960 540 -0.0284855
84 SIMPLE_RADIAL 1920 1080 1162.18 960 540 -0.0254883
85 SIMPLE_RADIAL 1920 1080 1162.55 960 540 -0.0253458
86 SIMPLE_RADIAL 1920 1080 1163.28 960 540 -0.0244064
87 SIMPLE_RADIAL 1920 1080 1163.86 960 540 -0.0246984
88 SIMPLE_RADIAL 1920 1080 1166.14 960 540 -0.0302159
89 SIMPLE_RADIAL 1920 1080 1164.52 960 540 -0.0293245
90 SIMPLE_RADIAL 1920 1080 1162.17 960 540 -0.0271105
91 SIMPLE_RADIAL 1920 1080 1161.87 960 540 -0.0270294
92 SIMPLE_RADIAL 1920 1080 1162.15 960 540 -0.026558
93 SIMPLE_RADIAL 1920 1080 1162.65 960 540 -0.0253698
94 SIMPLE_RADIAL 1920 1080 1164.13 960 540 -0.027089
95 SIMPLE_RADIAL 1920 1080 1164.18 960 540 -0.0292048
96 SIMPLE_RADIAL 1920 1080 1168.4 960 540 -0.0331369
97 SIMPLE_RADIAL 1920 1080 1166.61 960 540 -0.0316581
98 SIMPLE_RADIAL 1920 1080 1164.61 960 540 -0.0299581
99 SIMPLE_RADIAL 1920 1080 1161.54 960 540 -0.0249943
100 SIMPLE_RADIAL 1920 1080 1161.08 960 540 -0.0245121
101 SIMPLE_RADIAL 1920 1080 1161.02 960 540 -0.0263904
102 SIMPLE_RADIAL 1920 1080 1161.38 960 540 -0.0247999
103 SIMPLE_RADIAL 1920 1080 1163.21 960 540 -0.0270739
104 SIMPLE_RADIAL 1920 1080 1163.66 960 540 -0.0254264
105 SIMPLE_RADIAL 1920 1080 1164.42 960 540 -0.0257162
106 SIMPLE_RADIAL 1920 1080 1163.6 960 540 -0.024039
107 SIMPLE_RADIAL 1920 1080 1165.24 960 540 -0.0290024
108 SIMPLE_RADIAL 1920 1080 1163.09 960 540 -0.0269655
109 SIMPLE_RADIAL 1920 1080 1162.43 960 540 -0.0243485
110 SIMPLE_RADIAL 1920 1080 1161.67 960 540 -0.0254881
111 SIMPLE_RADIAL 1920 1080 1161.64 960 540 -0.0266054
112 SIMPLE_RADIAL 1920 1080 1161.32 960 540 -0.0272098
113 SIMPLE_RADIAL 1920 1080 1160.8 960 540 -0.0285757
114 SIMPLE_RADIAL 1920 1080 1160.3 960 540 -0.0270582
115 SIMPLE_RADIAL 1920 1080 1161.78 960 540 -0.0298144
116 SIMPLE_RADIAL 1920 1080 1162.1 960 540 -0.0276814
117 SIMPLE_RADIAL 1920 1080 1162.7 960 540 -0.0277454
118 SIMPLE_RADIAL 1920 1080 1162.84 960 540 -0.0267352
119 SIMPLE_RADIAL 1920 1080 1162.51 960 540 -0.0263263
120 SIMPLE_RADIAL 1920 1080 1163.76 960 540 -0.0264682
121 SIMPLE_RADIAL 1920 1080 1161.5 960 540 -0.0263787
122 SIMPLE_RADIAL 1920 1080 1162.2 960 540 -0.0269618
123 SIMPLE_RADIAL 1920 1080 1161.41 960 540 -0.0264463
124 SIMPLE_RADIAL 1920 1080 1162.32 960 540 -0.0271154
125 SIMPLE_RADIAL 1920 1080 1161.38 960 540 -0.0256582
126 SIMPLE_RADIAL 1920 1080 1161.98 960 540 -0.028993
127 SIMPLE_RADIAL 1920 1080 1159.05 960 540 -0.0235649
128 SIMPLE_RADIAL 1920 1080 1161.21 960 540 -0.0295411
129 SIMPLE_RADIAL 1920 1080 1159.71 960 540 -0.025565
130 SIMPLE_RADIAL 1920 1080 1162.93 960 540 -0.0333994
131 SIMPLE_RADIAL 1920 1080 1162.27 960 540 -0.0279272
132 SIMPLE_RADIAL 1920 1080 1161.71 960 540 -0.0284804
133 SIMPLE_RADIAL 1920 1080 1162.84 960 540 -0.0287928
134 SIMPLE_RADIAL 1920 1080 1163.59 960 540 -0.0301223
135 SIMPLE_RADIAL 1920 1080 1162.33 960 540 -0.0230269
136 SIMPLE_RADIAL 1920 1080 1166.27 960 540 -0.0334716
137 SIMPLE_RADIAL 1920 1080 1164.69 960 540 -0.0294513
138 SIMPLE_RADIAL 1920 1080 1167.95 960 540 -0.0285342
139 SIMPLE_RADIAL 1920 1080 1165.67 960 540 -0.0271302
140 SIMPLE_RADIAL 1920 1080 1168.88 960 540 -0.0323978
141 SIMPLE_RADIAL 1920 1080 1164.49 960 540 -0.02583
142 SIMPLE_RADIAL 1920 1080 1162.13 960 540 -0.0244288
143 SIMPLE_RADIAL 1920 1080 1162.13 960 540 -0.0248537
144 SIMPLE_RADIAL 1920 1080 1162.97 960 540 -0.0248716
145 SIMPLE_RADIAL 1920 1080 1164.1 960 540 -0.0271049
146 SIMPLE_RADIAL 1920 1080 1163.5 960 540 -0.0291063
147 SIMPLE_RADIAL 1920 1080 1161.08 960 540 -0.0272298
148 SIMPLE_RADIAL 1920 1080 1161.69 960 540 -0.026498
149 SIMPLE_RADIAL 1920 1080 1163.9 960 540 -0.0284632
150 SIMPLE_RADIAL 1920 1080 1162.13 960 540 -0.0306705
151 SIMPLE_RADIAL 1920 1080 1160.1 960 540 -0.0288574
152 SIMPLE_RADIAL 1920 1080 1159.63 960 540 -0.0272701
